{
  "nbformat": 4,
  "nbformat_minor": 0,
  "metadata": {
    "colab": {
      "name": "HW1 Q4.ipynb",
      "provenance": [],
      "collapsed_sections": []
    },
    "kernelspec": {
      "name": "python3",
      "display_name": "Python 3"
    },
    "language_info": {
      "name": "python"
    }
  },
  "cells": [
    {
      "cell_type": "code",
      "execution_count": 1,
      "metadata": {
        "id": "K8WFiAULQQbu"
      },
      "outputs": [],
      "source": [
        "import numpy as np\n",
        "import math\n",
        "import sympy as sp\n",
        "import random\n",
        "import operator\n",
        "gg = np.array([[5, 5, 100, 100], [150, 5, 200, 80], [150, 150, 220, 80,], [5, 150, 100, 200]])\n",
        "# np.set_printoptions(suppress=True)"
      ]
    },
    {
      "cell_type": "code",
      "source": [
        "A = np.array([[-gg[0][0], -gg[0][1], -1, 0, 0, 0, gg[0][0]*gg[0][2], gg[0][1]*gg[0][2], gg[0][2]], [0, 0, 0, -gg[0][0], -gg[0][1], -1, gg[0][0]*gg[0][3], gg[0][1]*gg[0][3], gg[0][3]], \n",
        "              [-gg[1][0], -gg[1][1], -1, 0, 0, 0, gg[1][0]*gg[1][2], gg[1][1]*gg[1][2], gg[1][2]], [0, 0, 0, -gg[1][0], -gg[1][1], -1, gg[1][0]*gg[1][3], gg[1][1]*gg[1][3], gg[1][3]],\n",
        "              [-gg[2][0], -gg[2][1], -1, 0, 0, 0, gg[2][0]*gg[2][2], gg[2][1]*gg[2][2], gg[2][2]], [0, 0, 0, -gg[2][0], -gg[2][1], -1, gg[2][0]*gg[2][3], gg[2][1]*gg[2][3], gg[2][3]],\n",
        "              [-gg[3][0], -gg[3][1], -1, 0, 0, 0, gg[3][0]*gg[3][2], gg[3][1]*gg[3][2], gg[3][2]], [0, 0, 0, -gg[3][0], -gg[3][1], -1, gg[3][0]*gg[3][3], gg[3][1]*gg[3][3], gg[3][3]]])"
      ],
      "metadata": {
        "id": "kbDwNmqXRlnN"
      },
      "execution_count": 2,
      "outputs": []
    },
    {
      "cell_type": "code",
      "source": [
        "A"
      ],
      "metadata": {
        "colab": {
          "base_uri": "https://localhost:8080/"
        },
        "id": "8g55zvFPzoIu",
        "outputId": "f17d2772-df8e-4ea1-ba6d-87e0621a096f"
      },
      "execution_count": 3,
      "outputs": [
        {
          "output_type": "execute_result",
          "data": {
            "text/plain": [
              "array([[   -5,    -5,    -1,     0,     0,     0,   500,   500,   100],\n",
              "       [    0,     0,     0,    -5,    -5,    -1,   500,   500,   100],\n",
              "       [ -150,    -5,    -1,     0,     0,     0, 30000,  1000,   200],\n",
              "       [    0,     0,     0,  -150,    -5,    -1, 12000,   400,    80],\n",
              "       [ -150,  -150,    -1,     0,     0,     0, 33000, 33000,   220],\n",
              "       [    0,     0,     0,  -150,  -150,    -1, 12000, 12000,    80],\n",
              "       [   -5,  -150,    -1,     0,     0,     0,   500, 15000,   100],\n",
              "       [    0,     0,     0,    -5,  -150,    -1,  1000, 30000,   200]])"
            ]
          },
          "metadata": {},
          "execution_count": 3
        }
      ]
    },
    {
      "cell_type": "code",
      "source": [
        "x = np.empty((9, 1))"
      ],
      "metadata": {
        "id": "Tx9VJ44U03QW"
      },
      "execution_count": 4,
      "outputs": []
    },
    {
      "cell_type": "code",
      "source": [
        "rank = np.linalg.matrix_rank(A)\n",
        "A_t = A.transpose()\n",
        "P = np.matmul(A, A_t)\n",
        "Q = np.matmul(A_t, A)"
      ],
      "metadata": {
        "id": "dTzORNZ4YrEQ"
      },
      "execution_count": 5,
      "outputs": []
    },
    {
      "cell_type": "code",
      "source": [
        "eig_val_P, eig_vec_P = np.linalg.eig(P)\n",
        "eig_vec_P = np.matrix(eig_vec_P)\n",
        "print(type(eig_vec_P))\n",
        "eig_val_Q, eig_vec_Q = np.linalg.eig(Q)\n",
        "eig_vec_Q = np.matrix(eig_vec_Q)\n",
        "eig_vec_Q_trans = np.transpose(eig_vec_Q)\n",
        "print(type(eig_vec_Q_trans))\n"
      ],
      "metadata": {
        "id": "lbfJ3J6hhiX-",
        "colab": {
          "base_uri": "https://localhost:8080/"
        },
        "outputId": "74b630ee-b1b9-4e77-af11-8bfa90ae0a24"
      },
      "execution_count": 6,
      "outputs": [
        {
          "output_type": "stream",
          "name": "stdout",
          "text": [
            "<class 'numpy.matrix'>\n",
            "<class 'numpy.matrix'>\n"
          ]
        }
      ]
    },
    {
      "cell_type": "code",
      "source": [
        "print(eig_vec_P)"
      ],
      "metadata": {
        "colab": {
          "base_uri": "https://localhost:8080/"
        },
        "id": "nGPVX4PvIkxp",
        "outputId": "c05eac99-cd14-4e55-aee2-170b495e3618"
      },
      "execution_count": 7,
      "outputs": [
        {
          "output_type": "stream",
          "name": "stdout",
          "text": [
            "[[ 1.17519867e-02  3.44207228e-04 -5.15532162e-02 -4.66128587e-01\n",
            "  -2.60345896e-01 -6.78428560e-02 -8.41087769e-01  1.08122924e-02]\n",
            " [ 1.17517760e-02  3.43641967e-04 -8.72103737e-02 -4.59351955e-01\n",
            "  -2.49098952e-01 -8.85591890e-02  3.54169472e-01  7.65455993e-01]\n",
            " [ 3.58735699e-01  6.54942912e-01  1.34538659e-02 -4.65084492e-01\n",
            "   1.70101644e-01  2.93617516e-01  1.82289868e-01 -2.78385484e-01]\n",
            " [ 1.43494223e-01  2.61976394e-01 -4.45383120e-01  1.36060221e-01\n",
            "  -5.00795526e-01 -5.87488150e-01  1.52897235e-01 -2.73099287e-01]\n",
            " [ 7.74962678e-01  2.27117371e-02  4.08516159e-01  2.84937362e-01\n",
            "   3.19642679e-02 -2.35211438e-01 -1.59658351e-01  2.62688692e-01]\n",
            " [ 2.81806634e-01  8.24745878e-03 -6.92167142e-01  3.15915567e-01\n",
            "   1.14149714e-02  5.01908806e-01 -1.69560615e-01  2.46628160e-01]\n",
            " [ 1.84643411e-01 -3.16806256e-01  2.48466337e-01 -3.46544961e-02\n",
            "  -6.98268275e-01  4.67261587e-01  1.81630339e-01 -2.52393736e-01]\n",
            " [ 3.69278450e-01 -6.33614920e-01 -2.88917222e-01 -3.93333286e-01\n",
            "   3.18917542e-01 -1.75016528e-01  1.52633610e-01 -2.61429000e-01]]\n"
          ]
        }
      ]
    },
    {
      "cell_type": "code",
      "source": [
        "print(eig_val_P)"
      ],
      "metadata": {
        "colab": {
          "base_uri": "https://localhost:8080/"
        },
        "id": "igU0e_CeFVaY",
        "outputId": "2dfa53f4-38d5-47bb-eb19-08b715dae088"
      },
      "execution_count": 8,
      "outputs": [
        {
          "output_type": "stream",
          "name": "stdout",
          "text": [
            "[3.62583363e+09 1.01280011e+09 6.80651927e+04 3.46776193e+04\n",
            " 2.12012335e+04 3.70648899e+03 6.56490974e-01 1.52001454e+01]\n"
          ]
        }
      ]
    },
    {
      "cell_type": "code",
      "source": [
        "def Swap(arr, start_index, last_index):\n",
        "    arr[:, [start_index, last_index]] = arr[:, [last_index, start_index]]"
      ],
      "metadata": {
        "id": "Cgt9JmiCEVKC"
      },
      "execution_count": 9,
      "outputs": []
    },
    {
      "cell_type": "code",
      "source": [
        "Swap(eig_vec_P, 6, 7)\n",
        "print(eig_vec_P)"
      ],
      "metadata": {
        "colab": {
          "base_uri": "https://localhost:8080/"
        },
        "id": "xJIVsvQbD3a8",
        "outputId": "2954daa3-fe5e-4be2-9d52-d836ba51b0a8"
      },
      "execution_count": 10,
      "outputs": [
        {
          "output_type": "stream",
          "name": "stdout",
          "text": [
            "[[ 1.17519867e-02  3.44207228e-04 -5.15532162e-02 -4.66128587e-01\n",
            "  -2.60345896e-01 -6.78428560e-02  1.08122924e-02 -8.41087769e-01]\n",
            " [ 1.17517760e-02  3.43641967e-04 -8.72103737e-02 -4.59351955e-01\n",
            "  -2.49098952e-01 -8.85591890e-02  7.65455993e-01  3.54169472e-01]\n",
            " [ 3.58735699e-01  6.54942912e-01  1.34538659e-02 -4.65084492e-01\n",
            "   1.70101644e-01  2.93617516e-01 -2.78385484e-01  1.82289868e-01]\n",
            " [ 1.43494223e-01  2.61976394e-01 -4.45383120e-01  1.36060221e-01\n",
            "  -5.00795526e-01 -5.87488150e-01 -2.73099287e-01  1.52897235e-01]\n",
            " [ 7.74962678e-01  2.27117371e-02  4.08516159e-01  2.84937362e-01\n",
            "   3.19642679e-02 -2.35211438e-01  2.62688692e-01 -1.59658351e-01]\n",
            " [ 2.81806634e-01  8.24745878e-03 -6.92167142e-01  3.15915567e-01\n",
            "   1.14149714e-02  5.01908806e-01  2.46628160e-01 -1.69560615e-01]\n",
            " [ 1.84643411e-01 -3.16806256e-01  2.48466337e-01 -3.46544961e-02\n",
            "  -6.98268275e-01  4.67261587e-01 -2.52393736e-01  1.81630339e-01]\n",
            " [ 3.69278450e-01 -6.33614920e-01 -2.88917222e-01 -3.93333286e-01\n",
            "   3.18917542e-01 -1.75016528e-01 -2.61429000e-01  1.52633610e-01]]\n"
          ]
        }
      ]
    },
    {
      "cell_type": "code",
      "source": [
        "sigma = np.sqrt(eig_val_P)\n",
        "sigma[::-1].sort()\n",
        "print(type(sigma))\n",
        "sigma_matrix = np.diag(sigma)\n",
        "print(sigma_matrix)\n"
      ],
      "metadata": {
        "colab": {
          "base_uri": "https://localhost:8080/"
        },
        "id": "nWfYPLUjoJaE",
        "outputId": "e8677cdb-b8f7-4af8-ddee-0814d99c6746"
      },
      "execution_count": 11,
      "outputs": [
        {
          "output_type": "stream",
          "name": "stdout",
          "text": [
            "<class 'numpy.ndarray'>\n",
            "[[6.02148954e+04 0.00000000e+00 0.00000000e+00 0.00000000e+00\n",
            "  0.00000000e+00 0.00000000e+00 0.00000000e+00 0.00000000e+00]\n",
            " [0.00000000e+00 3.18245207e+04 0.00000000e+00 0.00000000e+00\n",
            "  0.00000000e+00 0.00000000e+00 0.00000000e+00 0.00000000e+00]\n",
            " [0.00000000e+00 0.00000000e+00 2.60893068e+02 0.00000000e+00\n",
            "  0.00000000e+00 0.00000000e+00 0.00000000e+00 0.00000000e+00]\n",
            " [0.00000000e+00 0.00000000e+00 0.00000000e+00 1.86219278e+02\n",
            "  0.00000000e+00 0.00000000e+00 0.00000000e+00 0.00000000e+00]\n",
            " [0.00000000e+00 0.00000000e+00 0.00000000e+00 0.00000000e+00\n",
            "  1.45606434e+02 0.00000000e+00 0.00000000e+00 0.00000000e+00]\n",
            " [0.00000000e+00 0.00000000e+00 0.00000000e+00 0.00000000e+00\n",
            "  0.00000000e+00 6.08809411e+01 0.00000000e+00 0.00000000e+00]\n",
            " [0.00000000e+00 0.00000000e+00 0.00000000e+00 0.00000000e+00\n",
            "  0.00000000e+00 0.00000000e+00 3.89873638e+00 0.00000000e+00]\n",
            " [0.00000000e+00 0.00000000e+00 0.00000000e+00 0.00000000e+00\n",
            "  0.00000000e+00 0.00000000e+00 0.00000000e+00 8.10241306e-01]]\n"
          ]
        }
      ]
    },
    {
      "cell_type": "code",
      "source": [
        "\n",
        "new_col = [0, 0, 0, 0, 0, 0, 0, 0]\n",
        "sigma_matrix = np.insert(sigma_matrix, 8, new_col, axis = 1)\n",
        "print((sigma_matrix))"
      ],
      "metadata": {
        "colab": {
          "base_uri": "https://localhost:8080/"
        },
        "id": "yKySyPWlKOTE",
        "outputId": "1d238f4d-5526-45ed-a05a-052f5628816f"
      },
      "execution_count": 12,
      "outputs": [
        {
          "output_type": "stream",
          "name": "stdout",
          "text": [
            "[[6.02148954e+04 0.00000000e+00 0.00000000e+00 0.00000000e+00\n",
            "  0.00000000e+00 0.00000000e+00 0.00000000e+00 0.00000000e+00\n",
            "  0.00000000e+00]\n",
            " [0.00000000e+00 3.18245207e+04 0.00000000e+00 0.00000000e+00\n",
            "  0.00000000e+00 0.00000000e+00 0.00000000e+00 0.00000000e+00\n",
            "  0.00000000e+00]\n",
            " [0.00000000e+00 0.00000000e+00 2.60893068e+02 0.00000000e+00\n",
            "  0.00000000e+00 0.00000000e+00 0.00000000e+00 0.00000000e+00\n",
            "  0.00000000e+00]\n",
            " [0.00000000e+00 0.00000000e+00 0.00000000e+00 1.86219278e+02\n",
            "  0.00000000e+00 0.00000000e+00 0.00000000e+00 0.00000000e+00\n",
            "  0.00000000e+00]\n",
            " [0.00000000e+00 0.00000000e+00 0.00000000e+00 0.00000000e+00\n",
            "  1.45606434e+02 0.00000000e+00 0.00000000e+00 0.00000000e+00\n",
            "  0.00000000e+00]\n",
            " [0.00000000e+00 0.00000000e+00 0.00000000e+00 0.00000000e+00\n",
            "  0.00000000e+00 6.08809411e+01 0.00000000e+00 0.00000000e+00\n",
            "  0.00000000e+00]\n",
            " [0.00000000e+00 0.00000000e+00 0.00000000e+00 0.00000000e+00\n",
            "  0.00000000e+00 0.00000000e+00 3.89873638e+00 0.00000000e+00\n",
            "  0.00000000e+00]\n",
            " [0.00000000e+00 0.00000000e+00 0.00000000e+00 0.00000000e+00\n",
            "  0.00000000e+00 0.00000000e+00 0.00000000e+00 8.10241306e-01\n",
            "  0.00000000e+00]]\n"
          ]
        }
      ]
    },
    {
      "cell_type": "code",
      "source": [
        "##### for checking answer\n",
        "u, s, vh = np.linalg.svd(A, full_matrices=True)\n",
        "print(vh)\n",
        "print(eig_vec_P - u)"
      ],
      "metadata": {
        "colab": {
          "base_uri": "https://localhost:8080/"
        },
        "id": "oQGrOI6CVGM4",
        "outputId": "c76a151f-0994-40f7-badf-ec2cfc7fb583"
      },
      "execution_count": 13,
      "outputs": [
        {
          "output_type": "stream",
          "name": "stdout",
          "text": [
            "[[-2.84043894e-03 -2.42121739e-03 -2.20891154e-05 -1.09109680e-03\n",
            "  -1.63479471e-03 -1.33908907e-05  6.96053715e-01  7.17950893e-01\n",
            "   6.16016024e-03]\n",
            " [-3.14430147e-03  1.28321626e-03 -1.13495064e-05 -1.17416448e-03\n",
            "   2.90636016e-03  1.14077892e-05  7.17961695e-01 -6.96067270e-01\n",
            "  -2.29933343e-05]\n",
            " [ 2.46384735e-01  3.77000733e-01  2.37217168e-03 -6.61240940e-01\n",
            "  -5.74279813e-01 -5.80190908e-03  7.57487350e-05 -1.62813209e-03\n",
            "   1.73453679e-01]\n",
            " [ 1.58554932e-01 -1.76600215e-01  3.65660431e-03 -3.41172744e-01\n",
            "   7.10405325e-02  2.15181510e-03  3.79564118e-03  3.77529395e-03\n",
            "  -9.06741660e-01]\n",
            " [-1.75245114e-01  6.89508147e-01  5.19584361e-03  5.01749740e-01\n",
            "  -3.14549320e-01  2.88147957e-03  2.50334194e-03  2.49754245e-03\n",
            "  -3.78319687e-01]\n",
            " [-1.76705635e-01 -5.90273326e-01 -7.52000216e-03  2.32499365e-01\n",
            "  -7.49883366e-01  5.73504703e-03  1.50223526e-04 -3.65599795e-03\n",
            "  -6.21986452e-02]\n",
            " [ 9.13738625e-01 -5.29344506e-02  6.59901593e-02  3.72052358e-01\n",
            "  -6.19835401e-02 -1.22489909e-01  4.37766998e-03 -6.00114914e-04\n",
            "   2.52338778e-02]\n",
            " [ 1.20261073e-01  2.23230961e-03 -7.85970681e-01  4.25903576e-02\n",
            "  -4.58785877e-03  6.04930528e-01  5.55196293e-04 -3.48250734e-05\n",
            "   2.47794677e-03]\n",
            " [-5.31056349e-02  4.91718841e-03 -6.14648552e-01 -1.77018783e-02\n",
            "   3.93375073e-03 -7.86750146e-01 -2.36025044e-04  4.91718841e-05\n",
            "  -7.62164204e-03]]\n",
            "[[ 2.79290480e-16  2.19279889e-16 -1.03106432e-01  4.93494134e-13\n",
            "   5.19750909e-13 -7.71174791e-13 -7.12108940e-10 -1.68217554e+00]\n",
            " [-3.29597460e-17  1.27447965e-16 -1.74420747e-01  2.68618461e-13\n",
            "   1.10852993e-12  1.08957288e-12  2.99505976e-10  7.08338943e-01]\n",
            " [ 0.00000000e+00  0.00000000e+00  2.69077318e-02 -3.20687921e-13\n",
            "   2.02560191e-13 -2.95818925e-13  1.54195545e-10  3.64579737e-01]\n",
            " [-1.11022302e-16  5.55111512e-17 -8.90766239e-01  2.68812750e-13\n",
            "  -5.30353539e-13 -2.35034214e-13  1.29082134e-10  3.05794471e-01]\n",
            " [-1.11022302e-16  9.02056208e-17  8.17032318e-01  3.31457084e-13\n",
            "   8.45157277e-15  2.85355073e-13 -1.35603917e-10 -3.19316702e-01]\n",
            " [-1.11022302e-16  2.25514052e-17 -1.38433428e+00 -3.94351218e-13\n",
            "  -6.61519450e-14  2.08943973e-13 -1.41620798e-10 -3.39121230e-01]\n",
            " [ 0.00000000e+00  5.55111512e-17  4.96932675e-01  7.03090364e-13\n",
            "  -1.34670053e-13 -2.02726724e-13  1.56330227e-10  3.63260678e-01]\n",
            " [ 0.00000000e+00 -1.11022302e-16 -5.77834444e-01 -5.64326363e-13\n",
            "   5.76205750e-14 -2.88463697e-13  1.27663324e-10  3.05267219e-01]]\n"
          ]
        }
      ]
    },
    {
      "cell_type": "code",
      "source": [
        "last_column = eig_vec_Q[:, -1]\n",
        "homo = np.reshape(last_column, (3, 3))\n",
        "print(homo)"
      ],
      "metadata": {
        "colab": {
          "base_uri": "https://localhost:8080/"
        },
        "id": "YB8UtYLpHXSK",
        "outputId": "cf15edf8-2809-470e-c3f6-4aca8cdf25bd"
      },
      "execution_count": 14,
      "outputs": [
        {
          "output_type": "stream",
          "name": "stdout",
          "text": [
            "[[ 5.31056349e-02 -4.91718842e-03  6.14648552e-01]\n",
            " [ 1.77018783e-02 -3.93375074e-03  7.86750146e-01]\n",
            " [ 2.36025044e-04 -4.91718842e-05  7.62164204e-03]]\n"
          ]
        }
      ]
    }
  ]
}